1602142269133824768 1610021044634181376
1602142269397825536 1610021044964182272
1602142270090827264 1610021045129182720
1602142270750828800 1610021044436180992
1602142271245829888 1610021047967189760
1602142271773831168 1610021048495190784
1602142273885836288 1610021049617193728
1602142274545837824 1610021049716194048
1602142275073839104 1610021051399197952
1602142275568840192 1610021051894199296
1602142276063841536 1610021051498198272
1602142276558842624 1610021053478203136
1602142277053843968 1610021054204204800
1602142277647845376 1610021052983202048
1602142278307846912 1610021054336205312
1602142278934848256 1610021055359207680
1602142279627849984 1610021054567205888
1602142280353851648 1610021055095207168
1602142280848852992 1610021055491207936
1602142281640854784 1610021058428215296
1602142282300856576 1610021059154216960
1602142282960858112 1610021059814218496
1602142283719859968 1610021058593215488
1602142284511861760 1610021061035221504
1602142285270863616 1610021062520225024
1602142286029865472 1610021063081226496
1602142286854867200 1610021064104228864
1602142287580868864 1610021064236229376
1602142288504871168 1610021065952233472
1602142289560873728 1610021066348234496
1602142290451875840 1610021068955240960
1602142291573878528 1610021068427239680
1602142292497880832 1610021070968245760
1602142293223882496 1610021070770245376
1602142293718883584 1610021072486249728
1602142294213884928 1610021072024248576
1602142294774886144 1610021073938253056
1602142295236887296 1610021073278251520
1602142295797888768 1610021074070253568
1602142296457890304 1610021076050258432
1602142297249892352 1610021076743260160
1602142297975894016 1610021077535261952
1602142298668895744 1610021078426264064
1602142299493897728 1610021078525264384
1602142300516900096 1610021080967270400
1602142301440902400 1610021216465601792
1602142303420907008 1610021219567609600
1602142304410909440 1610021220260611328
1602142309096920832 1610021090306293248
1602142310086923008 1610021091494296064
1602142311142925568 1610021092583298816
1602142311934927616 1610021093474300928
1602142312891929856 1610021093672301312
1602142313782931968 1610021095289305344
1602142314475933696 1610021096378308096
1602142315168935168 1610021097170310144
1602142315828936704 1610021097566311168
1602142316422938112 1610021098259312640
1602142316818939136 1610021098160312576
1602142317346940416 1610021099348315392
1602142317907941632 1610021099447315712
1602142318435942912 1610021100041317120
1602142318930944000 1610021100635318528
1602142319425945344 1610021101130319616
1602142319920946432 1610021102252322560
1602142320481947904 1610021102351322880
1602142320976948992 1610021102846323968
1602142321471950336 1610021103341325056
1602142321966951424 1610021104331327488
1602142322461952512 1610021104430327808
1602142322923953664 1610021105420330240
1602142323319954688 1610021105816331264
1602142323814955776 1610021106608333056
1602142324243956736 1610021242634665984
1602142324936958464 1610021107004334080
1602142325629960192 1610021243327667456
1602142326289961728 1610021245010671616
1602142326916963328 1610021110139341824
1602142327477964800 1610021109941341440
1602142328071966208 1610021111129344256
1602142328665967616 1610021112119346688
1602142329259969024 1610021111921346304
1602142329853970432 1610021112614348032
1602142330546972160 1610021114198351872
1602142331239973632 1610021114297352192
1602142331800975104 1610021115320354560
1602142332394976512 1610021116013356288
1602142333087978240 1610021117102359040
1602142333879980032 1610021117993361152
1602142334638981888 1610021118785362944
1602142336288985856 1610021120402366976
1602142337080987904 1610021121194368768
1602142337773989376 1610021122316371712
1602142338598991360 1610021122415371776
1602142339357993216 1610021123009373184
1602142340149995264 1610021124593377280
1602142340974996992 1610021124989378048
1602142341700998912 1610021126111380992
1602142342526000896 1610021125781380096
1602142343087002112 1610021127167383552
1602142343780003840 1610021128289386240
1602142344506005504 1610021128025385472
1602142345265007360 1610021129741389824
1602142346057009408 1610021130269391104
1602142346783010816 1610021131589394176
1602142347575012864 1610021131853394944
1602142348334014720 1610021132612396800
1602142349060016384 1610021132744397056
1602142349786018048 1610021134460401408
1602142350479019776 1610021134559401472
1602142351502022144 1610021136077405184
1602142352294024192 1610021135450403840
1602142353119026176 1610021136704406784
1602142353812027904 1610021137232408064
1602142354802030336 1610021138453411072
1602142355825032704 1610021138849412096
1602142356848035072 1610021138981412352
1602142357409036544 1610021139311413248
1602142358168038400 1610021140103415296
1602142358861039872 1610021140928417280
1602142359620041728 1610021143271422976
1602142360214043136 1610021142776421632
1602142360808044544 1610021143403423232
1602142361435046144 1610021144987427072
1602142361963047424 1610021145482428416
1602142362524048640 1610021145581428480
1602142363184050432 1610021146472430848
1602142363844051968 1610021146076429824
1602142364405053184 1610021146571431168
1602142372985073920 1610021153138447104
1602142373645075456 1610021154854451200
1602142374173076736 1610021154590450688
1602142374668077824 1610021155118451968
1602142375361079552 1610021156867456256
1602142376021081088 1610021157098456832
1602142379750089984 1610021159408462336
1602142380344091392 1610021160464464896
1602142380905092608 1610021161256466944
1602142381499094272 1610021161355467264
1602142381829094912 1610021161058466304
1602142382159095808 1610021161421467392
1602142382489096448 1610021161619467776
1602142382984097792 1610021163071471360
1602142383479098880 1610021163566472704
1602142383974099968 1610021164061473792
1602142384502101248 1610021164457474816
1602142385195102976 1610021299394804736
1602142387274107904 1610021166272479232
1602142387769109248 1610021167460482048
1602142388198110208 1610021167262481664
1602142388528111104 1610021449446171648
1602142388990112000 1610021168846485248
1602142389485113344 1610021169638487296
1602142389980114432 1610021170694489856
1602142390475115776 1610021169539486976
1602142390871116544 1610021170892490496
1602142391267117568 1610021170958490624
1602142391663118592 1610021171354491392
1602142392125119744 1610021171816492544
1602142392620120832 1610021171882492672
1602142393016121856 1610021173136495872
1602142393478122752 1610021173598497024
1602142394039124224 1610021173268496128
1602142394402125056 1610021174522499328
1602142394732125952 1610021173994498048
1602142395062126592 1610021174324498688
1602142395458127616 1610021175611501824
1602142395953128960 1610021177129505536
1602142396448130048 1610021312033835776
1602142396943131392 1610021177954507776
1602142397438132480 1610021312924837888
1602142398032133888 1610021313947840512
1602142398659135488 1610021041466173696
1602142399187136768 1610021041202173184
1602142399682137856 1610021040707171840
1602142400309139456 1610021039486168832
1602142400969140992 1610021043710179328
1602142401695142656 1610021045294183168
1602142402289144064 1610021047703188992
1602142402784145408 1610021047835189248
1602142406612154624 1610021051795198976
1602142407206156032 1610021052092199680
1602142407569156864 1610021324474866176
1602142408064157952 1610021325134867712
1602142408658159360 1610021189834536704
1602142409351160832 1610021190032537088
1602142409945162496 1610021054831206400
1602142410605164032 1610021055623208448
1602142411364165888 1610021054963206656
1602142411991167232 1610021056382210304
1602142412783169280 1610021057306212608
1602142413344170496 1610021058032214272
1602142413839171584 1610021058758215936
1602142414433173248 1610021060210219520
1602142415225175040 1610021059286217216
1602142416149177344 1610021060870221056
1602142416941179136 1610021062025223936
1602142417832181248 1610021063246226944
1602142418558182912 1610021064368229632
1602142419383184896 1610021065094231296
1602142420439187456 1610021067239236608
1602142421462190080 1610021068823240704
1602142423211194112 1610021068559239936
1602142425092198656 1610021070374244352
1602142428359206656 1610021069549242368
1602142429646209792 1610021071859248128
1602142430339211264 1610021071364246784
1602142430900212736 1610021072618249984
1602142431362213888 1610021073410251776
1602142431857214976 1610021072882250496
1602142432418216448 1610021074202253824
1602142433210218240 1610021075060256000
1602142434002220032 1610021075951258112
1602142434761221888 1610021076842260224
1602142435520223744 1610021077139260928
1602142436411226112 1610021079086265856
1602142437533228800 1610021215673599744
1602142446476250112 1610021088623289088
1602142446971251200 1610021088524288768
1602142447631252736 1610021090405293312
1602142448753255424 1610021090504293632
1602142449743257856 1610021091989297408
1602142450700260096 1610021092484298496
1602142451756262656 1610021093771301632
1602142452746265088 1610021095388305664
1602142453604267008 1610021096873309184
1602142454231268608 1610021097665311232
1602142454825270016 1610021098457313280
1602142455419271424 1610021381301005056
1602142455914272512 1610021098556313344
1602142456409273856 1610021382786008832
1602142457036275456 1610021100338317824
1602142457531276544 1610021100437318144
1602142458026277632 1610021101460320512
1602142458521278976 1610021102054321920
1602142459016280064 1610021102153322240
1602142459478281216 1610021103242324992
1602142459940282368 1610021103440325376
1602142460435283456 1610021103836326400
1602142460831284480 1610021104232327424
1602142461227285504 1610021104727328512
1602142461590286336 1610021105717330944
1602142461986287360 1610021105618330624
1602142462448288256 1610021106806333696
1602142462976289536 1610021107697335808
1602142463702291456 1610021109281339904
1602142464395293184 1610021108489337856
1602142464956294400 1610021110931343872
1602142465583296000 1610021111426344960
1602142466210297344 1610021110799343616
1602142466870299136 1610021113109349120
1602142467497300480 1610021113802350848
1602142468190302208 1610021113010349056
1602142468916303872 1610021114396352256
1602142469576305408 1610021115221354240
1602142470203307008 1610021115518354944
1602142470863308544 1610021116409357312
1602142471655310592 1610021116508357376
1602142472447312384 1610021117795360512
1602142473239314432 1610021118092361472
1602142474130316544 1610021119577364736
1602142475186319104 1610021120204366336
1602142476737322496 1610021121590369792
1602142477562324480 1610021121788370176
1602142478618327040 1610021123108373504
1602142479278328576 1610021123702374912
1602142479938330112 1610021124197376256
1602142480532331520 1610021124065375744
1602142481522333952 1610021125946380544
1602142482314336000 1610021127332383744
1602142482941337344 1610021127464384256
1602142483601339136 1610021128421386496
1602142484261340672 1610021128553386752
1602142484954342144 1610021130137390592
1602142485581343744 1610021130929392640
1602142486241345280 1610021130665391872
1602142486901347072 1610021132381396224
1602142487528348416 1610021133140398080
1602142488221350144 1610021133470398976
1602142488881351680 1610021134262400768
1602142489607353600 1610021135054402816
1602142490300355072 1610021136176405504
1602142490927356672 1610021136968407296
1602142491620358400 1610021136836407040
1602142492445360384 1610021138090410240
1602142493402362624 1610021139146412800
1602142494359364864 1610021140598416384
1602142494887366144 1610021139476413696
1602142495514367744 1610021141951419648
1602142496174369280 1610021142908422144
1602142496801370880 1610021143007422208
1602142497329372160 1610021143139422720
1602142497923373568 1610021144690426368
1602142498451374848 1610021427996119040
1602142498913376000 1610021145383428096
1602142512608408576 1610021160002463744
1602142513037409536 1610021160167464192
1602142513400410368 1610021159903463680
1602142513763411456 1610021160365464832
1602142514093412096 1610021161487467520
1602142514423412992 1610021161751468032
1602142514753413632 1610021162213469184
1602142515149414656 1610021162642470400
1602142515545415680 1610021163665472768
1602142515875416320 1610021163731472896
1602142516370417664 1610021164160474112
1602142516898418944 1610021164853475584
1602142517426420224 1610021300483807232
1602142517822421248 1610021300087806464
1602142518152421888 1610021447070166016
1602142518812423424 1610021302859813120
1602142519142424320 1610021302628812544
1602142519472425216 1610021168120483840
1602142519934426368 1610021168747485184
1602142520396427520 1610021168945485568
1602142520759428352 1610021170133488384
1602142521089428992 1610021169737487616
1602142521485430016 1610021171156491008
1602142521848430848 1610021171222491136
1602142522211431680 1610021171717492224
1602142522607432704 1610021172278493696
1602142522937433600 1610021172377494016
1602142523300434432 1610021173532496896
1602142523828435712 1610021173796497408
1602142524191436544 1610021173697497344
1602142524521437440 1610021174786499840
1602142524851438080 1610021174456499200
1602142525181438976 1610021174918500096
1602142525511439616 1610021177228505856
1602142525841440512 1610021176238503424
1602142526171441152 1610021176469504000
1602142526666442496 1610021177558506752
1602142527194443776 1610021177294505984
1602142527623444736 1610021178746509824
1602142528217446144 1610021043182178048
1602142528712447232 1610021044799181824
1602142529339448832 1610021043446178560
1602142529999450368 1610021039519169024
1602142530692452096 1610021045624183808
1602142531253453568 1610021048099190016
1602142531748454656 1610021183399521024
1602142539668473600 1610021055887208960
1602142540295474944 1610021055755208704
1602142541087476992 1610021056052209408
1602142541681478400 1610021058230214656
1602142542176479488 1610021059550217728
1602142542836481024 1610021058890216192
1602142543529482752 1610021061200221952
1602142544321484544 1610021060738220800
1602142545113486592 1610021063378227200
1602142545872488448 1610021063939228672
1602142546664490496 1610021065490232320
1602142547456492288 1610021065358232064
1602142548413494528 1610021068295239424
1602142549403496960 1610021068691240192
1602142550195498752 1610021070209243904
1602142550954500608 1610021071166246400
1602142551482501888 1610021071694247680
1602142551977503232 1610021072750250240
1602142552439504384 1610021072354249216
1602142552769505024 1610021073014251008
1602142553132505856 1610021074334254080
1602142553693507328 1610021074631254784
1602142554485509120 1610021075654257408
1602142555277511168 1610021077040260864
1602142556069512960 1610021077238261248
1602142556927515136 1610021079218266112
1602142557917517312 1610021079977267968
1602142558841519616 1610021080472269312
1602142562669528832 1610021085983282688
1602142563230530048 1610021086643284480
1602142563791531520 1610021086940284928
1602142564253532672 1610021087039285248
1602142564748533760 1610021087534286592
1602142565243535104 1610021089019290112
1602142565738536192 1610021088821289472
1602142566266537472 1610021090009292288
1602142567355539968 1610021091197295360
1602142568378542592 1610021091791296768
1602142569071544320 1610021093177300224
1602142569995546368 1610021094167302656
1602142570853548544 1610021095586306048
1602142571744550656 1610021096972309504
1602142572338552064 1610021232800641792
1602142572899553280 1610021097269310208
1602142573493554688 1610021097863311872
1602142574450557184 1610021099051314688
1602142575011558400 1610021100734318848
1602142575506559744 1610021101229319936
1602142576001560832 1610021101559320832
1602142576463561984 1610021102450322944
1602142576958563072 1610021102945324288
1602142577453564416 1610021103539325696
1602142577948565504 1610021103935326720
1602142578443566592 1610021104529328128
1602142578839567616 1610021240654661120
1602142579169568512 1610021241050661888
1602142579499569152 1610021106410332672
1602142580060570624 1610021106905333760
1602142580522571776 1610021106311332352
1602142581182573312 1610021107796336128
1602142581875575040 1610021108027336704
1602142582535576576 1610021109644340736
1602142583162577920 1610021109743340800
1602142583723579392 1610021110337342464
1602142584350580992 1610021112713348096
1602142584911582208 1610021112812348416
1602142585505583616 1610021396877042944
1602142586792586496 1610021114000351232
1602142587353587968 1610021115419354880
1602142587881589248 1610021115815355904
1602142588475590656 1610021116805358336
1602142589201592320 1610021116904358400
1602142590026594304 1610021118587362304
1602142590851596288 1610021119478364672
1602142593260602112 1610021121887370496
1602142594052603904 1610021121986370816
1602142594943606272 1610021122811372800
1602142595669607936 1610021123405374208
1602142596923610880 1610021125451379200
1602142597814612992 1610021125286378752
1602142598540614912 1610021126309381376
1602142599200616448 1610021127629384704
1602142599893618176 1610021129213388544
1602142600553619712 1610021128685387264
1602142601246621440 1610021129873390080
1602142601939622912 1610021130533391616
1602142602632624640 1610021131721394688
1602142603325626368 1610021131985395200
1602142604051628032 1610021133272398336
1602142604744629760 1610021133668399360
1602142605437631488 1610021134856402176
1602142606328633600 1610021134757402112
1602142606988635136 1610021136308405760
1602142607681636864 1610021137529408768
1602142608176637952 1610021137628409088
1602142608935639808 1610021137331408384
1602142609760641792 1610021140367415808
1602142610486643456 1610021139674414080
1602142611047644928 1610021141621419008
1602142611641646336 1610021141522418688
1602142612136647424 1610021140796416768
1602142612763649024 1610021141720419072
1602142613324650496 1610021143535423488
1602142613786651392 1610021144294425344
1602142614314652672 1610021144492425984
1602142614809654016 1610021145977429504
1602142615370655232 1610021145779429120
1602142615964656640 1610021146769431552
1602142616459657984 1610021146967431936
1602142617053659392 1610021147066432256
1602142621739670528 1610021151620443392
1602142622366672128 1610021150960441856
1602142623059673856 1610021153270447360
1602142624379676928 1610021152115444480
