1591954003510129152 1610024643514811392
1591954003708129536 1610024643745811968
1591954004467131392 1610024643910812416
1591954005160133120 1610024645560816384
1591954005919134976 1610024644141812992
1591954006678136576 1610024645758816768
1591954007503138560 1610024637904797696
1591954008295140608 1610024644339813376
1591954009054142208 1610024645956817408
1591954010242145024 1610024637937797632
1591954012420150272 1610024638003798016
1591954013575152896 1610024645362816000
1591954014499155200 1610024646187817984
1591954015390157312 1610024646385818368
1591954016380159488 1610024646583819008
1591954017304161792 1610024649850826752
1591954018129163776 1610024648926824704
1591954018954165760 1610024649718826496
1591954019746167552 1610024650246827776
1591954020670169856 1610024649982827264
1591954021660172032 1610024650378828032
1591954022815174912 1610024651764831488
1591954023739176960 1610024652127832320
1591954024729179392 1610024652325832960
1591954025686181632 1610024652523833344
1591954026544183552 1610024654041837056
1591954027237185280 1610024651929831936
1591954027897186816 1610024657770846208
1591954028557188352 1610024657110844672
1591954029085189632 1610024660014851840
1591954029547190784 1610024660509852928
1591954029943191808 1610024660608853248
1591954030405192704 1610024661565855488
1591954030735193600 1610024660707853312
1591954031065194496 1610024661169854464
1591954031461195264 1610024662192857088
1591954031824196096 1610024662852858624
1591954058620259328 1610024684500911616
1591954059115260672 1610024684764912128
1591954059610261760 1610024685094913024
1591954059973262592 1610024684830912512
1591954060303263488 1610024684896912640
1591954060633264128 1610024685226913280
1591954060963265024 1610024686084915456
1591954061293265664 1610024685754914816
1591954062349268224 1610024686744917248
1591954062679269120 1610024687074918144
1591954063339270656 1610024687734919680
1591954063999272192 1610024688328921088
1591954067761281280 1610024691892929792
1591954068091281920 1610024692156930304
1591954068421282816 1610024692816932096
1591954068751283456 1610024693179932928
1591954069081284352 1610024693113932544
1591954069411284992 1610024694037934848
1591954069741285888 1610024693707933952
1591954070071286528 1610024694367935744
1591954070401287424 1610024694301935616
1591954071391289856 1610024696281940480
1591954071721290496 1610024696611941120
1591954072414292224 1610024697205942528
1591954072744292864 1610024697139942400
1591954073074293760 1610024697799944192
1591954073404294656 1610024697601943552
1591954073734295296 1610024698327945472
1591954074064296192 1610024698129944832
1591954074394296832 1610024698855946752
1591954074724297728 1610024698657946112
1591954075054298368 1610024698591945984
1591954075450299392 1610024699251947520
1591954075780300032 1610024699515948288
1591954076110300928 1610024699317947904
1591954076506301952 1610024700109949696
1591954076836302592 1610024700373950464
1591954082941317120 1610024704729960960
1591954083271317760 1610024704927961600
1591954083601318656 1610024705719963648
1591954083931319296 1610024705455962880
1591954084261320192 1610024706049964288
1591954084591320832 1610024706511965440
1591954084921321728 1610024706247964928
1591954085251322624 1610024706841966336
1591954085581323264 1610024706775966208
1591954085911324160 1610024706973966592
1591954095349346560 1610024714827985920
1591954096141348352 1610024716609990144
1591954107427375104 1610024725883012608
1591954107757375744 1610024725553011712
1591954108087376640 1610024725619012096
1591954108417377280 1610024725817012480
1591954108747378176 1610024726609014528
1591954109077379072 1610024726873015040
1591954109473379840 1610024726741014784
1591954109803380736 1610024727467016448
1591954110133381376 1610024727797017344
1591954110463382272 1610024728061018112
1591954110793383168 1610024728259018496
1591954111453384704 1610024728391018752
1591954112443387136 1610024729579021824
1591954112773387776 1610024729843022336
1591954114423391744 1610024730965025024
1591954116403396352 1610024733143030528
1591954117723399424 1610024734793034496
1591954120990407168 1610024736707039232
1591954121650408960 1610024737499041280
1591954121980409600 1610024737961042432
1591954122310410496 1610024738093042688
1591954122640411136 1610024738159042816
1591954122970412032 1610024738687044096
1591954123960414208 1610024740205047808
1591954124290415104 1610024740469048576
1591954126336419840 1610024742119052544
1591954127656422912 1610024742515053568
1591954131022430976 1610024745485060608
1591954139668451584 1610024753570080512
1591954139998452480 1610024753240079616
1591954140328453120 1610024753834081024
1591954140658454016 1610024754428082688
1591954140988454656 1610024754098081792
1591954141318455552 1610024754296082176
1591954141648456448 1610024754956083968
1591954141978457088 1610024755088084224
1591954142308457984 1610024755352084736
1591954142638458624 1610024755418085120
1591954142968459520 1610024755682085632
1591954143298460160 1610024756342087168
1591954143628461056 1610024756606087936
1591954144024462080 1610024756837088512
1591954144354462720 1610024756903088640
1591954144684463616 1610024757497090048
1591954145014464256 1610024757761090816
1591954145344465152 1610024757893091072
1591954145740465920 1610024758388092160
1591954146070466816 1610024758652092928
1591954146400467712 1610024758520092672
1591954146730468352 1610024758850093312
1591954147060469248 1610024759510095104
1591954147390469888 1610024759609095168
1591954147720470784 1610024760005096192
1591954148050471424 1610024759939096064
1591954148446472448 1610024760665097728
1591954148776473344 1610024760797098240
1591954149172474112 1610024761127098880
1591954149502475008 1610024761391099648
1591954149898475776 1610024761853100800
1591954150228476672 1610024762051101184
1591954150558477568 1610024762117101312
1591954153198483712 1610024764295106816
1591954153858485248 1610024765483109632
1591954156828492032 1610024767397114368
1591954160722501376 1610024771159123712
1591954166629515520 1610024775416134144
1591954166959516160 1610024775482134272
1591954167619517952 1610024776637136896
1591954167949518592 1610024776241135872
1591954171711527424 1610024779343143680
1591954172107528448 1610024779805144832
1591954173823532544 1610024780993147648
1591954175275536128 1610024782247150592
1591954186099561472 1610024792675176192
1591954186429562368 1610024792741176320
1591954186825563392 1610024792906176768
1591954187221564160 1610024793269177600
1591954187551565056 1610024793071177216
1591954187947566080 1610024793863179264
1591954188277566720 1610024793995179520
1591954188607567616 1610024794457180672
1591954188937568256 1610024794787181568
1591954189267569152 1610024795051182080
1591954189663570176 1610024795249182464
1591954189993570816 1610024795645183488
1591954190323571712 1610024795513183232
1591954190653572352 1610024795777184000
1591954190983573248 1610024796041184512
1591954191313573888 1610024796833186560
1591954191643574784 1610024796899186688
1591954191973575424 1610024797163187456
1591954192369576448 1610024797493188096
1591954192699577344 1610024797559188224
1591954193029577984 1610024798219190016
1591954193392579072 1610024798153189888
1591954199266593024 1610024802707201024
1591954204942606336 1610024807756213504
1591954208242614016 1610024809934218752
1591954208638615040 1610024809736218112
1591954209298616576 1610024810066219008
1591954209628617216 1610024810462220032
1591954209958618112 1610024810396219904
1591954214050627840 1610024814422229760
1591954214380628480 1610024813762228224
1591954214776629504 1610024814686230272
1591954215106630400 1610024815082231296
1591954217053635072 1610024816534234880
1591954218043637504 1610024816864235776
1591954218373638144 1610024817260236800
1591954218703639040 1610024817656237824
1591954219033639680 1610024817590237440
1591954219363640576 1610024817854238208
1591954219693641216 1610024818250239232
1591954220089642240 1610024818580239872
1591954220419643136 1610024818712240384
1591954220749643776 1610024819108241152
1591954221079644672 1610024819372241920
1591954221409645568 1610024819174241536
1591954221739646208 1610024819900243200
1591954222069647104 1610024820296244224
1591954222399647744 1610024820164243968
1591954222729648640 1610024820230244096
1591954223059649280 1610024820692245248
1591954223389650176 1610024821154246400
1591954223785651200 1610024821550247168
1591954224115651840 1610024821880248064
1591954224445652736 1610024822342249216
1591954224775653376 1610024821748247808
1591954225105654272 1610024822474249472
1591954225435654912 1610024822276249088
1591954225765655808 1610024822540249856
1591954226095656704 1610024822804250368
1591954226458657536 1610024823068251136
1591954227184659200 1610024823926253056
1591954227514659840 1610024824520254464
1591954227844660736 1610024824586254848
1591954228174661632 1610024824454254336
1591954228504662272 1610024824916255488
1591954228834663168 1610024824982255872
1591954229164663808 1610024825180256256
1591954229494664704 1610024825741257472
1591954229824665344 1610024826005258240
1591954230220666368 1610024826368259072
1591954230550667264 1610024826467259392
1591954230880667904 1610024826566259456
1591954231210668800 1610024826863260416
1591954231540669440 1610024827622262272
1591954231870670336 1610024827820262656
1591954232200670976 1610024827919262976
1591954232530671872 1610024828018263040
1591954233454673920 1610024829140265984
1591954233949675264 1610024829338266368
1591954234444676352 1610024829470266624
1591954234939677440 1610024829932267776
1591954235467678720 1610024830691269632
1591954236127680256 1610024831450271488
1591954236622681600 1610024831648272128
1591954237084682496 1610024831747272192
1591954237579683584 1610024832704274688
1591954238008684544 1610024832572274432
1591954238503685888 1610024833331276288
1591954238998686976 1610024834123278080
1591954239493688320 1610024834255278336
1591954239988689408 1610024834321278720
1591954240483690496 1610024835311280896
1591954240912691456 1610024835212280832
1591954241275692544 1610024836037282816
1591954241704693504 1610024835839282176
1591954242034694144 1610024836103282944
1591954242364695040 1610024836763284480
1591954242760696064 1610024837291286016
1591954243090696704 1610024837555286528
1591954243420697600 1610024837357286144
1591954243948698880 1610024837753286912
1591954244344699648 1610024838347288576
1591954244773700608 1610024838743289344
1591954245235701760 1610024839073290240
1591954245730703104 1610024839733291776
1591954246225704192 1610024840129292800
1591954246720705280 1610024839931292416
1591954247215706624 1610024840690294272
1591954247743707904 1610024841482296064
1591954248238708992 1610024841086295296
1591954248733710080 1610024841581296384
1591954249261711360 1610024843660301568
1591954249954712832 1610024844353303296
1591954250779714816 1610024845112305152
1591954251868717568 1610024843363300864
1591954253089720320 1610024845409305856
1591954254046722560 1610024844518303744
1591954255597726208 1610024851283320320
1591954256521728512 1610024851679321344
1591954257115729920 1610024853824326656
1591954257874731776 1610024853923326720
1591954258699733760 1610024853626326016
1591954259491735552 1610024855276329984
1591954260151737088 1610024855804331520
1591954260811738624 1610024856332332800
1591954261471740160 1610024857322335232
1591954262098741760 1610024857718336000
1591954262659742976 1610024857421335296
1591954263220744448 1610024858312337664
1591954263715745536 1610024858642338304
1591954264210746624 1610024859335340032
1591954264738747904 1610024859005339136
1591954265365749504 1610024859401340160
1591954265893750784 1610024860457342720
1591954266850753024 1610024860853343744
1591954267345754368 1610024860787343616
1591954267774755328 1610024861777346048
1591954268104755968 1610024861315344896
1591954268467756800 1610024861579345664
1591954268896758016 1610024861909346304
1591954269391759104 1610024862767348480
1591954269952760320 1610024863031349248
1591954271041763072 1610024863823351040
1591954271371763712 1610024864021351680
1591954271701764608 1610024864285352192
1591954272031765248 1610024864549352960
1591954272361766144 1610024865011354112
1591954272691767040 1610024864681353216
1591954273120768000 1610024865341354752
1591954273483768832 1610024865836356096
1591954273813769472 1610024866100356608
1591954274143770368 1610024865902356224
1591954274473771264 1610024866166356992
1591954274803771904 1610024866364357376
1591954276024774912 1610024867354359808
1591954276354775552 1610024868674363136
1591954277047777280 1610024868938363648
1591954277740779008 1610024869301364480
1591954278070779648 1610024869136364288
1591954278565780992 1610024870423367424
1591954279555783168 1610024871215369216
1591954280050784512 1610024871413369856
1591954280545785600 1610024871017368832
1591954281040786688 1610024872007371264
1591954281502787840 1610024872106371584
1591954281997788928 1610024872568372736
1591954282492790272 1610024872667372800
1591954282987791360 1610024873327374336
1591954283482792448 1610024873657375232
1591954283977793792 1610024874053376256
1591954284439794688 1610024873921376000
1591954284835795712 1610024874647377664
1591954285165796608 1610024874449377280
1591954285561797376 1610024875043378688
1591954285858798080 1610024875241379072
1591954286188798976 1610024875307379456
1591954286518799616 1610024875769380352
1591954286848800256 1610024875835380736
1591954287508802048 1610024877023383552
1591954287838802688 1610024877353384448
1591954288168803584 1610024877617384960
1591954288498804224 1610024877551384832
1591954288828805120 1610024878079386112
1591954290148808192 1610024879135388672
1591954290808809728 1610024879861390592
1591954291138810624 1610024880125391104
1591954291468811264 1610024880455392000
1591954293118815232 1610024880785392896
1591954294108817664 1610024881643394816
1591954294438818304 1610024881973395712
1591954294768819200 1610024882765397760
1591954295098819840 1610024883095398400
1591954295428820736 1610024883227398912
1591954295758821376 1610024883161398784
1591954296088822272 1610024883491399424
1591954296418823168 1610024884151401216
1591954296748823808 1610024884085400832
1591954297078824704 1610024884415401728
1591954297408825600 1610024885273403904
1591954297738826240 1610024885009403136
1591954298068827136 1610024885339404032
1591954298398827776 1610024885603405056
1591954298728828672 1610024886263406592
1591954299058829312 1610024886197406464
1591954299388830208 1610024886857408000
1591954300048831744 1610024887451409408
1591954300378832640 1610024887781410304
1591954301038834176 1610024888375411712
1591954301368834816 1610024888309411584
1591954301698835712 1610024888639412224
1591954302688837888 1610024890025415680
1591954303018838784 1610024890091415808
1591954303348839680 1610024890157415936
1591954303678840320 1610024890685417472
1591954304041841152 1610024890751417600
1591954304371841792 1610024891477419264
1591954304701842688 1610024891609419776
1591954305031843328 1610024891675419904
1591954305427844352 1610024891939420416
1591954305757845248 1610024892203421184
1591954306087845888 1610024893457424128
1591954306747847424 1610024893985425408
1591954307077848320 1610024893853425152
1591954307407848960 1610024893919425280
1591954307737849856 1610024894249426176
1591954308133850880 1610024894843427584
1591954308463851520 1610024895041428224
1591954308793852416 1610024895173428480
1591954309123853056 1610024895437428992
1591954309453853952 1610024895701429760
1591954309783854592 1610024896097430784
1591954310113855488 1610024896361431296
1591954310443856128 1610024896163430912
1591954310773857024 1610024896856432640
1591954311103857920 1610024896625432064
1591954311433858560 1610024897318433792
1591954311763859456 1610024897648434432
1591954312093860096 1610024897714434560
1591954312423860992 1610024898011435520
1591954312852861952 1610024898341436160
1591954313347863040 1610024898407436288
1591954313842864384 1610024898473436416
1591954314337865472 1610024899001437952
1591954314832866560 1610024899463439104
1591954315327867904 1610024899331438592
1591954315888869120 1610024899661439488
1591954316383870208 1610024900783442176
1591954316878871552 1610024900387441152
1591954317373872896 1610024900453441280
1591954317868873984 1610024900717442048
1591954318363875072 1610024901245443328
1591954318858876416 1610024901311443456
1591954319353877504 1610024901773444608
1591954319881878784 1610024901839444736
1591954320376879872 1610024902301445888
1591954320871880960 1610024902367446016
1591954321399882240 1610024903093447936
1591954321894883584 1610024903357448448
1591954322389884672 1610024903555449088
1591954322884885760 1610024903423448832
1591954323874888192 1610024904017450240
1591954324930890752 1610024904215450624
1591954325590892288 1610024904545451520
1591954326085893376 1610024905436453632
1591954326679894784 1610024905502453760
1591954327174895872 1610024906096455168
1591954327702897152 1610024905898454784
1591954328197898240 1610024905634454016
1591954328692899584 1610024905964454912
1591954329220900608 1610024906624456448
1591954330276903168 1610024906954457344
1591954330870904576 1610024907218458112
1591954331398906112 1610024907746459392
1591954331893907200 1610024907812459520
1591954332388908288 1610024908340460800
1591954332916909568 1610024908142460416
1591954333411910656 1610024908472461056
1591954333906912000 1610024908802461952
1591954334401913088 1610024909858464512
1591954334896914176 1610024910056464896
1591954335226915072 1610024910188465408
1591954335622916096 1610024910320465664
1591954335952916736 1610024910716466688
1591954336348917760 1610024911046467584
1591954336678918400 1610024911244467968
1591954337074919424 1610024911508468736
1591954337470920448 1610024911574468864
1591954337800921088 1610024911838469376
1591954338130921984 1610024912432470784
1591954338460922624 1610024912696471552
1591954338856923648 1610024913224472832
1591954339186924544 1610024913092472576
1591954339582925312 1610024913752474112
1591954339945926144 1610024913818474240
1591954340374927360 1610024914610476288
1591954340704928000 1610024914544475904
1591954341100929024 1610024915336477952
1591954341430929664 1610024915600478720
1591954341826930688 1610024915930479360
1591954342156931584 1610024915798479104
1591954342486932224 1610024916062479872
1591954342816933120 1610024917250482688
1591954343212933888 1610024917118482432
1591954343542934784 1610024917316482816
1591954343872935424 1610024917382482944
1591954344202936320 1610024917976484352
1591954344598937344 1610024918306485248
1591954344928937984 1610024918438485504
1591954345324939008 1610024918834486528
1591954345654939648 1610024919230487552
1591954346050940672 1610024919164487424
1591954346380941568 1610024919824488960
1591954346710942208 1610024919758488832
1591954347040942848 1610024920220489984
1591954347436943872 1610024920550490880
1591954347766944768 1610024920814491392
1591954348162945536 1610024921342492672
1591954348492946432 1610024921474493184
1591954348888947200 1610024921936494336
1591954349218948096 1610024922200494848
1591954349614949120 1610024922563495680
1591954350010949888 1610024922959496704
1591954350340950784 1610024922761496320
1591954350736951552 1610024923091496960
1591954351066952448 1610024923751498752
1591954351792954112 1610024924213499904
1591954352122955008 1610024924609500928
1591954352518955776 1610024924939501568
1591954352914956800 1610024924873501440
1591954353244957696 1610024925467502848
1591954353640958464 1610024925731503616
1591954354036959488 1610024926193504768
1591954354465960448 1610024926391505152
1591954354861961472 1610024926457505280
1591954355191962112 1610024927117507072
1591954355587963136 1610024927315507456
1591954355917964032 1610024927579508224
1591954356643965696 1610024927909508864
1591954356973966592 1610024928569510400
1591954357303967488 1610024928437510144
1591954357633968128 1610024929097511936
1591954357963969024 1610024928965511424
1591954358293969664 1610024929493512704
1591954358623970560 1610024929757513472
1591954358953971200 1610024930021513984
1591954359349971968 1610024930087514368
1591954359679972864 1610024930747515904
1591954360075973888 1610024931143516928
1591954360405974528 1610024931539517952
1591954360801975552 1610024931275517184
1591954361131976192 1610024932001519104
1591954361659977472 1610024932331519744
1591954362055978496 1610024932265519616
1591954362385979136 1610024933057521664
1591954362979980544 1610024933189521920
1591954363309981440 1610024933453522688
1591954363705982464 1610024933519522816
1591954364035983104 1610024934245524480
1591954364365984000 1610024934311524864
1591954364695984640 1610024934839526144
1591954365355986176 1610024935037526528
1591954365751987200 1610024935367527424
1591954366081988096 1610024935433527552
1591954366378988800 1610024935961529088
1591954366774989568 1610024936324529920
1591954367104990464 1610024936522530304
1591954367500991488 1610024936720530944
1591954367830992128 1610024936786531072
1591954368226993152 1610024937446532608
1591954368556993792 1610024937512532736
1591954368952994816 1610024937578532864
1591954369282995712 1610024938370534912
1591954369678996480 1610024938106534144
1591954370008997376 1610024938436535040
1591954370404998144 1610024939030536448
1591954370734999040 1610024939294537216
1591954371131000064 1610024939624538112
1591954371461000704 1610024939558537728
1591954371857001728 1610024940020538880
1591954372253002752 1610024940350539776
1591954372583003392 1610024940746540800
1591954372913004288 1610024940878541056
1591954373243004928 1610024941142541824
1591954373639005952 1610024941604542976
1591954373969006592 1610024941934543616
1591954374365007616 1610024941802543360
1591954374695008512 1610024942792545792
1591954376114011904 1610024944112548864
1591954376510012672 1610024944178549248
1591954377830016000 1610024944574550016
1591954378490017536 1610024945498552320
1591954378820018432 1610024945894553344
1591954379150019072 1610024945960553472
1591954379480019968 1610024946158554112
1591954379810020608 1610024946356554496
1591954380140021504 1610024946752555520
1591954380470022144 1610024947016556032
1591954380800023040 1610024947412557056
1591954381130023680 1610024948039558656
1591954381460024576 1610024947808558080
1591954381790025216 1610024947907558400
1591954382186026240 1610024948336559360
1591954382516027136 1610024948204559104
1591954385882034944 1610024951504567296
1591954387301038336 1610024951900568064
1591954389611043840 1610024953847572992
1591954389941044480 1610024954177573888
1591954390601046016 1610024954672574976
1591954390931046912 1610024954738575104
1591954391261047552 1610024954969575680
1591954395221057024 1610024957774582784
1591954396211059456 1610024959226586368
1591954398851065856 1610024960216588800
1591954399181066496 1610024960414589440
1591954399511067392 1610024961206591232
1591954400171068928 1610024961140591104
1591954400501069568 1610024961866593024
1591954400831070464 1610024962064593408
1591954401161071104 1610024962262594048
1591954401491072000 1610024962625594880
1591954401821072640 1610024962130593536
1591954402151073536 1610024962790595328
1591954402481074432 1610024963318596608
1591954402811075072 1610024963516596992
1591954403141075968 1610024963747597568
1591954403801077504 1610024964275598848
1591954404461079040 1610024963945598208
1591954405121080576 1610024964473599488
1591954407761086720 1610024966288603904
1591954408091087616 1610024966486604288
1591954408751089152 1610024967542606848
1591954409741091328 1610024967740607488
1591954410731093760 1610024968994610432
1591954414526102784 1610024971601617152
1591954414856103680 1610024971799617536
1591954417232109312 1610024972822620160
1591954421192118528 1610024974934625280
1591954426439131136 1610024977442631424
1591954427033132288 1610024977376631296
1591954427594133760 1610024978234633472
1591954428584135936 1610024978366633728
1591954429574138368 1610024978960635136
1591954429937139200 1610024979224635904
1591954430300140032 1610024979422636288
1591954431125142016 1610024980412638720
1591954432544145408 1610024981666641920
1591954433963148800 1610024982293643520
1591954434293149440 1610024982755644672
1591954437263156736 1610024984933649920
1591954437593157376 1610024985263650816
1591954437923158272 1610024985527651328
1591954438319159296 1610024985791651840
1591954439045160960 1610024985857651968
1591954439705162496 1610024986385653504
1591954440101163520 1610024986451653632
1591954440431164160 1610024986649654016
1591954440761165056 1610024986913654784
1591954441091165696 1610024987177655296
1591954441487166720 1610024987705656576
1591954445843176960 1610024990741664256
1591954448219182592 1610024993183670272
1591954448615183360 1610024993051670016
1591954449011184384 1610024993249670400
1591954449341185280 1610024993381670656
1591954449671185920 1610024993843671808
1591954450001186816 1610024994107672576
1591954452179191808 1610024995691676416
1591954452509192704 1610024995889677056
1591954455677200128 1610024997968682240
1591954456337201664 1610024999288685568
1591954457327204352 1610025000080687360
1591954458317206528 1610025000146687744
1591954458977208064 1610025001466690816
1591954459307208960 1610025001862691840
1591954461287213568 1610025002654693888
1591954461683214592 1610025003248695296
1591954462013215232 1610025003710696448
1591954462409216256 1610025003908696832
1591954462739217152 1610025003974697216
1591954465115222784 1610025006680703744
1591954465775224320 1610025007670706176
1591954468778231296 1610025009320710400
1591954469273232640 1610025009518710784
1591954469801233664 1610025010112712448
1591954470395235072 1610025010640713728
1591954470890236160 1610025010772713984
1591954472177239296 1610025011762716416
1591954472804240896 1610025011828716544
1591954473398242304 1610025013082719744
1591954473992243712 1610025012851719168
1591954474586245120 1610025013775721472
1591954475081246208 1610025013676721152
1591954475576247296 1610025014501723136
1591954476533249536 1610025015293725184
1591954476995250688 1610025016217727488
1591954477391251712 1610025016019726848
1591954477721252352 1610025016613728512
1591954478051253248 1610025016151727360
1591954501943309824 1610025038624782848
1591954502768311808 1610025038162781696
1591954503758314240 1610025037205779200
1591954505111317504 1610025039218784256
1591954506728321280 1610025038360782080
1591954508312325120 1610025040967788544
1591954509830328576 1610025039515784960
1591954511216332032 1610025040274786816
1591954512668335360 1610025041066788864
1591954514021338624 1610025041627790336
1591954515308341504 1610025042188791552
1591954516364344064 1610025044135796480
1591954517420346368 1610025043310794240
1591954518509349120 1610025045290799360
1591954519598351616 1610025045422799616
1591954521512356096 1610025046478802176
1591954523294360320 1610025046610802432
1591954547318417408 1610025054101820928
1591954548473420032 1610025055256823808
1591954549034421504 1610025055553824512
1591954549694423040 1610025054563822080
1591954550420424704 1610025056048825856
1591954551080426240 1610025056510827008
1591954551740427776 1610025056972828160
1591954552367429120 1610025056642827264
1591954553027430912 1610025058424831744
1591954553819432704 1610025057599829760
1591954554644434688 1610025058127831040
1591954555469436672 1610025059414834176
1591954556294438656 1610025059018833152
1591954556987440128 1610025060899837696
1591954557647441664 1610025059942835456
1591954558307443200 1610025061328838912
1591954558967444736 1610024638036797952
1591954559660446464 1610024643052810240
1591954560320448000 1610024643250810624
1591954560980449536 1610024642821809664
1591954561640451072 1610024645131815424
1591954562366452992 1610024644537814016
1591954563158454784 1610025064859847680
1591954563983456768 1610024646814819584
1591954564808458752 1610024649256825344
1591954565798460928 1610024647012819968
1591954566788463360 1610025067565854208
1591954567943465984 1610024648200822784
1591954569131468800 1610024650114827520
