1602075232966291712 1620663997418618368
1602075233197292288 1620663998969622016
1602075234352295168 1620663997583618816
1602075235243297280 1620663997781619200
1602075236563300352 1620663997979619584
1602075237520302592 1620663999134622464
1602075238609305088 1620663999596623616
1602075239566307328 1620664000322625280
1602075240325309184 1620663999464623104
1602075241150311168 1620664003853633536
1602075244252318464 1620664006592640256
1602075254383342592 1620664018340668160
1602075255043344128 1620664020551673344
1602075255703345664 1620664020353672960
1602075256363347200 1620664021145674752
1602075256990348800 1620664022366677760
1602075257485349888 1620664021343675136
1602075257980350976 1620664023422680320
1602075258475352320 1620664024049681664
1602075259003353600 1620664023290679808
1602075259696355072 1620664025765685760
1602075260290356480 1620664024973683968
1602075261280358656 1620664026854688512
1602075264151365632 1620664031639699712
1602075265108367872 1620664030418696960
1602075265603368960 1620664031738700032
1602075266626371328 1620664032728702464
1602075267616373760 1620664033916705280
1602075268111374848 1620664034906707456
1602075268606376192 1620664034444706560
1602075269035377152 1620664035269708544
1602075269497378304 1620664036688711936
1602075269926379264 1620664037183713024
1602075270421380352 1620664037678714112
1602075271114382080 1620664037480713728
1602075271609383168 1620664039031717376
1602075277714397696 1620664044608730880
1602075278110398720 1620664045565733120
1602075278506399488 1620664045961734144
1602075279001400832 1620664046456735232
1602075288175422464 1620664056356759040
1602075288604423424 1620664057544761856
1602075289198424832 1620664057445761536
1602075289693426176 1620664058567764224
1602075290188427264 1620664058666764288
1602075290683428352 1620664059062765312
1602075291178429696 1620664059821767168
1602075291673430784 1620664059887767296
1602075292168431872 1620664060580769024
1602075292663433216 1620664060646769152
1602075294841438208 1620664062890774528
1602075307480468224 1620664071008793856
1602075308767471360 1620664073714800128
1602075309955474432 1620664071536795136
1602075311374477568 1620664073153798912
1602075315103486464 1620664073318799360
1602075315796487936 1620664074704802560
1602075316489489664 1620664074968803328
1602075317413491712 1620664075760805120
1602075318337494016 1620664074539802112
1602075319327496448 1620664077179808512
1602075320713499648 1620664076651807232
1602075322726504448 1620664078202810880
1602075323485506304 1620664080083815424
1602075324277508096 1620664080446816256
1602075325069509888 1620664082327820800
1602075325729511424 1620664082822822144
1602075327148514816 1620664083647824128
1602075327907516672 1620664085759828992
1602075328666518528 1620664086914831872
1602075329359520256 1620664087640833536
1602075330151522048 1620664087937834240
1602075330811523584 1620664088597835776
1602075332890528512 1620664093052846336
1602075333715530496 1620664090643840768
1602075334540532480 1620664092623845376
1602075335299534336 1620664094306849536
1602075335992536064 1620664095164851456
1602075336553537280 1620664095329851904
1602075337048538368 1620664095791853056
1602075337609539840 1620664097408856832
1602075338170541056 1620664097540857088
1602075338731542528 1620664097078855936
1602075339226543872 1620664099289861376
1602075342955552512 1620664102688869376
1602075343681554176 1620664105196875520
1602075345430558208 1620664107737881344
1602075346915561728 1620664107836881664
1602075347509563136 1620664107935881984
1602075348070564608 1620664109585885952
1602075348565565696 1620664110245887488
1602075349060566784 1620664109717886208
1602075349555568128 1620664111829891328
1602075350050569216 1620664111070889472
1602075350479570176 1620664114898898688
1602075350809571072 1620664114535897856
1602075351139571968 1620664113479895296
1602075351634573056 1620664122026915840
1602075352129574144 1620664121201913856
1602075352591575296 1620664122191916032
1602075353020576256 1620664122719917312
1602075353416577280 1620664124039920384
1602075354274579200 1620664124996922880
1602075354769580544 1620664124897922560
1602075355264581632 1620664128131930112
1602075356386584320 1620664127042927616
1602075357112585984 1620664128362930688
1602075358036588288 1620664129154932736
1602075358993590528 1620664127603928832
1602075359719592192 1620664128560931328
1602075360280593664 1620664128758931712
1602075360808594944 1620664133345942528
1602075361468596480 1620664133048941824
1602075362062597888 1620664134764946176
1602075362590599168 1620664134863946240
1602075363085600256 1620664135919948800
1602075363580601344 1620664136381949952
1602075364075602688 1620664135490947840
1602075364570603776 1620664136711950592
1602075365065604864 1620664137140951808
1602075365560606208 1620664136810950912
1602075366055607296 1620664137932953600
1602075366517608448 1620664138691955456
1602075366847609088 1620664138031953920
1602075367177609984 1620664139285956864
1602075367507610880 1620664139219956736
1602075369157614592 1620664140011958528
1602075369553615360 1620664231620177152
1602075369883616256 1620664141595962368
1602075370213616896 1620664141859962880
1602075371368619776 1620664234986185216
1602075372226621952 1620664144697969664
1602075373447624704 1620664146446973952
1602075373876625664 1620664145060970496
1602075374437627136 1620664146182973184
1602075374932628224 1620664145192970752
1602075375526629632 1620664146710974464
1602075376021630976 1620664147898977280
1602075376582632192 1620664146974974976
1602075377176633600 1620664148690979072
1602075377737634816 1620664148492978688
1602075378100635904 1620664148921979904
1602075378430636544 1620664150043982336
1602075378793637376 1620664150868984320
1602075379123638272 1620664150802984192
1602075379453639168 1620664151132985088
1602075379849639936 1620664153145989888
1602075380344641024 1620664153739991296
1602075380839642368 1620664154399992832
1602075381367643648 1620664155455995392
1602075382060645120 1620664152848989184
1602075382819646976 1620664154135992064
1602075383677648896 1620664153607990784
1602075384535651072 1620664156115996928
1602075385360653056 1620664154267992576
1602075386053654784 1620664154828993792
1602075386581655808 1620664155587995648
1602075387076657152 1620664158690002944
1602075387538658048 1620664160010006272
1602075388033659392 1620664158822003200
1602075388528660480 1620664159746005504
1602075389023661824 1620664161825010432
1602075390442665216 1620664253928230144
1602075390805666048 1620664253499229184
1602075391531667712 1620664254159230720
1602075392950671104 1620664166841022720
1602075393610672640 1620664256469236224
1602075394567674880 1620664257492238848
1602075395227676416 1620664167765024768
1602075400507688960 1620664175124042496
1602075401266690560 1620664175256042752
1602075401860691968 1620664175487043328
1602075402355693312 1620664176279045120
1602075402817694208 1620664175883044096
1602075403312695552 1620664175784044032
1602075403807696640 1620664176477045504
1602075404302697984 1620664177071047168
1602075404698698752 1620664177566048256
1602075405094699776 1620664177962049024
1602075405523700736 1620664178985051648
1602075405985701888 1620664178358050048
1602075406480702976 1620664179678053120
1602075406975704064 1620664180173054464
1602075407470705408 1620664181163056896
1602075407965706496 1620664180866055936
1602075408889708800 1620664182054058752
1602075409846711040 1620664182285059328
1602075410704713216 1620664184298064384
1602075411067714048 1620664183506062336
1602075412453717248 1620664185387066880
1602075413047718656 1620664186509069568
1602075413839720704 1620664186641069824
1602075414631722496 1620664187763072512
1602075415291724032 1620664188720074752
1602075415852725248 1620664189941077760
1602075416215726336 1620664189842077440
1602075416545726976 1620664189380076288
1602075416875727872 1620664191624081664
1602075417205728512 1620664190271078400
1602075417634729472 1620664190766079744
1602075418030730496 1620664191294080768
1602075418459731456 1620664191888082432
1602075418954732800 1620664193406085888
1602075419548734208 1620664193505086208
1602075420010735360 1620664194891089408
1602075420571736576 1620664194792089344
1602075421066737920 1620664195452090880
1602075421429738752 1620664197168094976
1602075421792739584 1620664197069094656
1602075422320740864 1620664196871094272
1602075422815741952 1620664198257097472
1602075423376743168 1620664198158097408
1602075423805744384 1620664199907101440
1602075424267745536 1620664200369102592
1602075424828746752 1620664202250107136
1602075425686748672 1620664201755105792
1602075426940751616 1620664200897103872
1602075427798753536 1620664202514107648
1602075428458755072 1620664203801110528
1602075428953756416 1620664204956113408
1602075429448757504 1620664205913115648
1602075429943758592 1620664207464119296
1602075430471759872 1620664207596119808
1602075430999761152 1620664208784122368
1602075431494762496 1620664208256121344
1602075431989763584 1620664208916122880
1602075432484764672 1620664210566126848
1602075432979766016 1620664210170125824
1602075433474767104 1620664210764127232
1602075433969768192 1620664211985130240
1602075434464769536 1620664212084130304
1602075434893770496 1620664213470133760
1602075435388771584 1620664213074132736
1602075435751772416 1620664214064135168
1602075436180773632 1620664213965134848
1602075436510774272 1620664214328135680
1602075436840775168 1620664215219137792
1602075437203776000 1620664215021137408
1602075441460786176 1620664222017154048
1602075442153787648 1620664219938149120
1602075443011789824 1620664133609943296
1602075443704791552 1620664133477943040
1602075444265792768 1620664134038944256
1602075444760793856 1620664131266937600
1602075445189795072 1620664130441935616
1602075445618796032 1620664133180942336
1602075446047796992 1620664132487940608
1602075446542798080 1620664135391947520
1602075446938799104 1620664134302945024
1602075447367800064 1620664134962946560
1602075447862801408 1620664135589947904
1602075448357802496 1620664137437952512
1602075448885803776 1620664137536952576
1602075449512805376 1620664138361954560
1602075450007806464 1620664137833953280
1602075450337807360 1620664139153956608
1602075450667808000 1620664139417957120
1602075451030808832 1620664139351956992
1602075451393809664 1620664139813958144
1602075451921810944 1620664139747958016
1602075452845813248 1620664142123963648
1602075453373814528 1620664233105180672
1602075453901815808 1620664235052185344
1602075454330816768 1620664234920184832
1602075454825817856 1620664143245966336
1602075455815820288 1620664145852972544
1602075456178821120 1620664145522971648
1602075456640822272 1620664144268968704
1602075457135823360 1620664146050972928
1602075461128832768 1620664242510203136
1602075461491833856 1620664150241982976
1602075462250835456 1620664153046989568
1602075462745836800 1620664153277990144
1602075463273838080 1620664154531993088
1602075463867839488 1620664155752996096
1602075464659841280 1620664154663993344
1602075465616843520 1620664153871991552
1602075466672846080 1620664155290994944
1602075467464847872 1620664156280997376
1602075468091849472 1620664157369999872
1602075468586850560 1620664158360002304
1602075468982851328 1620664159878005760
1602075469444852480 1620664158162001664
1602075470005853696 1620664160934008320
1602075470533854976 1620664161627010048
1602075471028856320 1620664161132008960
1602075475681867264 1620664257228238080
1602075476044868096 1620664257624239104
1602075480070877696 1620664175388043008
1602075481060880128 1620664175586043392
1602075489277899776 1620664272441274624
1602075495745915136 1620664279734291968
1602075497032918016 1620664281351295744
1602075498253921024 1620664279965292544
1602075498979922688 1620664284948304384
1602075499507923968 1620664281549296384
1602075500002925312 1620664286697308416
1602075500497926400 1620664286829308672
1602075501982929920 1620664288545312768
1602075502477931008 1620664288413312512
1602075506305940224 1620664292505322240
1602075507757943552 1620664293924325632
1602075509143946752 1620664294518327040
1602075509803948288 1620664294749327616
1602075510463949824 1620664295112328448
1602075511222951680 1620664295970330624
1602075511849953280 1620664296366331392
1602075512344954368 1620664296102330880
1602075512839955712 1620664297323333888
1602075513334956800 1620664297719334656
1602075513829957888 1620664298049335552
1602075514522959616 1620664298148335872
1602075515182961152 1620664298643336960
1602075515941963008 1620664298742337280
1602075516766964736 1620664299501338880
1602075517921967616 1620664299666339328
1602075519109970432 1620664300062340352
1602075520561973760 1620664299600339200
1602075523102979840 1620664299435338752
1602075527062989312 1620664299732339456
1602075527788990976 1620664300326340864
1602075528349992448 1620664300260340736
1602075528844993536 1620664300128340480
1602075529339994880 1620664300986342656
1602075529966996224 1620664301283343360
1602075530527997696 1620664301085342720
1602075531022998784 1620664301580344064
1602075531517999872 1620664302108345344
1602075532112001280 1620664302471346176
1602075532607002624 1620664302735346688
1602075533234003968 1620664302834347008
1602075533762005248 1620664303032347392
1602075534257006336 1620664303329348096
1602075534686007552 1620664303824349184
1602075535148008448 1620664303428348416
1602075535841010176 1620664304451350784
1602075536336011264 1620664305177352448
1602075536897012736 1620664305738353920
1602075537392014080 1620663991973605376
1602075537788014848 1620663986231591680
1602075538250016000 1620663986264591616
1602075538778017280 1620663986330591744
1602075539339018496 1620663995240613120
1602075539702019584 1620663995405613568
1602075540164020480 1620663995900614656
1602075542441026048 1620663999761623808
1602075543299027968 1620664000586625792
1602075544454030848 1620663999893624320
